245566
245567
245568
245569
245577
245578
245579
245588
245589
245599
245667
245668
245669
245677
245688
245699
245778
245779
245788
245799
245889
245899
246677
246678
246679
246688
246689
246699
246778
246779
246788
246799
246889
246899
247788
247789
247799
247889
247899
248899
255667
255668
255669
255677
255678
255679
255688
255689
255699
255778
255779
255788
255789
255799
255889
255899
256677
256678
256679
256688
256689
256699
256778
256779
256788
256799
256889
256899
257788
257789
257799
257889
257899
258899
266778
266779
266788
266789
266799
266889
266899
267788
267789
267799
267889
267899
268899
277889
277899
278899
334455
334456
334457
334458
334459
334466
334467
334468
334469
334477
334478
334479
334488
334489
334499
334556
334557
334558
334559
334566
334567
334568
334569
334577
334578
334579
334588
334589
334599
334667
334668
334669
334677
334678
334679
334688
334689
334699
334778
334779
334788
334789
334799
334889
334899
335566
335567
335568
335569
335577
335578
335579
335588
335589
335599
335667
335668
335669
335677
335678
335679
335688
335689
335699
335778
335779
335788
335789
335799
335889
335899
336677
336678
336679
336688
336689
336699
336778
336779
336788
336789
336799
336889
336899
337788
337789
337799
337889
337899
338899
344556
344557
344558
344559
344566
344567
344568
344569
344577
344578
344579
344588
344589
344599
344667
344668
344669
344677
344678
344679
344688
344689
344699
344778
344779
344788
344789
344799
344889
344899
345566
345567
345568
345569
345577
345578
345579
345588
345589
345599
345667
345668
345669
345677
345688
345699
345778
345779
345788
345799
345889
345899
346677
346678
346679
346688
346689
346699
346778
346779
346788
346799
346889
346899
347788
347789
347799
347889
347899
348899
355667
355668
355669
355677
355678
355679
355688
355689
355699
355778
355779
355788
355789
355799
355889
355899
356677
356678
356679
356688
356689
356699
356778
356779
356788
356799
356889
356899
357788
357789
357799
357889
357899
358899
366778
366779
366788
366789
366799
366889
366899
367788
367789
367799
367889
367899
368899
377889
377899
378899
445566
445567
445568
445569
445577
445578
445579
445588
445589
445599
445667
445668
445669
445677
445678
445679
445688
445689
445699
445778
445779
445788
445789
445799
445889
445899
446677
446678
446679
446688
446689
446699
446778
446779
446788
446789
446799
446889
446899
447788
447789
447799
447889
447899
448899
455667
455668
455669
455677
455678
455679
455688
455689
455699
455778
455779
455788
455789
455799
455889
455899
456677
456678
456679
456688
456689
456699
456778
456779
456788
456799
456889
456899
457788
457789
457799
457889
457899
458899
466778
466779
466788
466789
466799
466889
466899
467788
467789
467799
467889
467899
468899
477889
477899
478899
556677
556678
556679
556688
556689
556699
556778
556779
556788
556789
556799
556889
556899
557788
557789
557799
557889
557899
558899
566778
566779
566788
566789
566799
566889
566899
567788
567789
567799
567889
567899
568899
577889
577899
578899
667788
667789
667799
667889
667899
668899
677889
677899
678899
778899
